#  SCIATRAN 3.1.19 (DOM, plane-parallel mode, scalar RT)
#  Spherical albedo: reflection 
#                    60.00000           59.00000           54.00000           50.00000           47.00000           44.00000           41.00000           39.00000           37.00000           35.00000           34.00000           33.00000           32.00000           31.00000           30.00000           29.00000           28.00000           27.00000           26.00000           25.00000           24.00000           23.00000           22.00000           21.00000           20.00000           19.00000           18.00000           17.00000           16.00000           15.00000           14.00000           13.00000           12.00000           11.00000           10.00000            9.50000            9.00000            8.50000            8.00000            7.50000            7.00000            3.60100            3.60000            2.10000            2.09900            2.00000            0.50100            0.50000            0.01000            0.00000
# AOT = 0.0
    450.00000   1.517038565E-001   1.516995696E-001   1.516669784E-001   1.516222901E-001   1.515710992E-001   1.514955223E-001   1.513814697E-001   1.512739483E-001   1.511289887E-001   1.509322646E-001   1.508094377E-001   1.506660427E-001   1.504983714E-001   1.503019695E-001   1.500716695E-001   1.498016310E-001   1.494847543E-001   1.491122383E-001   1.486737643E-001   1.481571727E-001   1.475480443E-001   1.468296547E-001   1.459828989E-001   1.449851283E-001   1.438103142E-001   1.424294855E-001   1.408072623E-001   1.389028143E-001   1.366721712E-001   1.340682293E-001   1.310387581E-001   1.275179497E-001   1.234281179E-001   1.186997979E-001   1.132837535E-001   1.103058050E-001   1.071370186E-001   1.037680267E-001   1.001873849E-001   9.638229366E-002   9.234055332E-002   5.694369903E-002   5.693117970E-002   3.626869796E-002   3.625366550E-002   3.475531511E-002   9.573553410E-003   9.555123383E-003   1.982170103E-004   1.167600828E-014
    645.00000   4.233917783E-002   4.233801245E-002   4.232915341E-002   4.231700652E-002   4.230309260E-002   4.228255141E-002   4.225155469E-002   4.222233487E-002   4.218294348E-002   4.212948963E-002   4.209611702E-002   4.205715752E-002   4.201160396E-002   4.195824631E-002   4.189568042E-002   4.182231859E-002   4.173622947E-002   4.163501694E-002   4.151586811E-002   4.137546258E-002   4.120985420E-002   4.101445198E-002   4.078399057E-002   4.051220091E-002   4.019183794E-002   3.981477969E-002   3.937105640E-002   3.884908138E-002   3.823625595E-002   3.751895308E-002   3.668195916E-002   3.570612773E-002   3.456883320E-002   3.324960376E-002   3.173363738E-002   3.089824930E-002   3.000811123E-002   2.906055564E-002   2.805236065E-002   2.697995779E-002   2.583999042E-002   1.585375112E-002   1.585022642E-002   1.004993746E-002   1.004573171E-002   9.626672162E-003   2.627830403E-003   2.622745835E-003   5.402498340E-005  -2.822802680E-014
    850.00000   1.469629446E-002   1.469589283E-002   1.469283971E-002   1.468865352E-002   1.468385839E-002   1.467677937E-002   1.466609720E-002   1.465602750E-002   1.464245264E-002   1.462403193E-002   1.461253155E-002   1.459910606E-002   1.458340843E-002   1.456502180E-002   1.454346240E-002   1.451818329E-002   1.448851915E-002   1.445364454E-002   1.441259048E-002   1.436421318E-002   1.430715321E-002   1.423982892E-002   1.416042606E-002   1.406678408E-002   1.395640514E-002   1.382648753E-002   1.367358991E-002   1.349370890E-002   1.328248473E-002   1.303519193E-002   1.274654200E-002   1.240986762E-002   1.201726993E-002   1.156155429E-002   1.103744368E-002   1.074842605E-002   1.044030955E-002   1.011214207E-002   9.762777441E-003   9.390947351E-003   8.995455312E-003   5.522363123E-003   5.521135149E-003   3.499400716E-003   3.497934322E-003   3.351827632E-003   9.132492658E-004   9.114801794E-004   1.874989933E-005   2.779092841E-014
   1660.00000   1.029617042E-003   1.029589145E-003   1.029374805E-003   1.029080742E-003   1.028743936E-003   1.028246690E-003   1.027496386E-003   1.026789129E-003   1.025835666E-003   1.024541843E-003   1.023734105E-003   1.022791188E-003   1.021688669E-003   1.020397321E-003   1.018883146E-003   1.017107781E-003   1.015024491E-003   1.012575326E-003   1.009692259E-003   1.006295020E-003   1.002288191E-003   9.975607944E-004   9.919855315E-004   9.854108282E-004   9.776615036E-004   9.685411008E-004   9.578083513E-004   9.451826445E-004   9.303585022E-004   9.130049326E-004   8.927516035E-004   8.691316384E-004   8.415919731E-004   8.096291522E-004   7.728743261E-004   7.526081323E-004   7.310041331E-004   7.079957263E-004   6.835027140E-004   6.574363576E-004   6.297129908E-004   3.863345151E-004   3.862487249E-004   2.446727667E-004   2.445701057E-004   2.343431583E-004   6.378599144E-005   6.366222721E-005   1.308987419E-006  -3.722083405E-014
# AOT = 0.1
    450.00000   1.743956749E-001   1.743914672E-001   1.743587239E-001   1.743134633E-001   1.742615544E-001   1.741848314E-001   1.740691200E-001   1.739595311E-001   1.738103665E-001   1.736070010E-001   1.734803863E-001   1.733333946E-001   1.731624565E-001   1.729632850E-001   1.727309076E-001   1.724569270E-001   1.721317335E-001   1.717468626E-001   1.712924005E-001   1.707566788E-001   1.701258795E-001   1.693840001E-001   1.685127906E-001   1.674906438E-001   1.662927592E-001   1.648945827E-001   1.632653960E-001   1.613662311E-001   1.591551186E-001   1.565870881E-001   1.536122631E-001   1.501678023E-001   1.458297382E-001   1.405435325E-001   1.346142438E-001   1.313966434E-001   1.280022663E-001   1.244216938E-001   1.206436431E-001   1.166556304E-001   1.124457981E-001   7.635709144E-002   7.634448223E-002   5.105607228E-002   5.103483769E-002   4.888880717E-002   1.327261627E-002   1.324701315E-002   2.759240153E-004   5.620703485E-018
    645.00000   6.657194688E-002   6.657076710E-002   6.656115969E-002   6.654767858E-002   6.653218439E-002   6.650923880E-002   6.647467724E-002   6.644167364E-002   6.639598605E-002   6.633320649E-002   6.629432020E-002   6.624962594E-002   6.619816464E-002   6.613878414E-002   6.607014745E-002   6.598839304E-002   6.588933066E-002   6.577067635E-002   6.562974927E-002   6.546338580E-002   6.526782759E-002   6.503870452E-002   6.477100804E-002   6.445877972E-002   6.409514046E-002   6.367498579E-002   6.319146661E-002   6.263361534E-002   6.198952358E-002   6.124633141E-002   6.038970154E-002   5.940159649E-002   5.794275213E-002   5.599715953E-002   5.386104303E-002   5.271718793E-002   5.152402101E-002   5.027906554E-002   4.897932577E-002   4.762148564E-002   4.620242860E-002   3.451402475E-002   3.451004884E-002   2.391177177E-002   2.390161604E-002   2.286340615E-002   6.015266056E-003   6.003520873E-003   1.232297731E-004   1.088889790E-017
    850.00000   3.389695635E-002   3.389651723E-002   3.389271166E-002   3.388745043E-002   3.388107270E-002   3.387181897E-002   3.385799304E-002   3.384444253E-002   3.382546995E-002   3.380015933E-002   3.378421018E-002   3.376547316E-002   3.374533470E-002   3.372185969E-002   3.369338814E-002   3.365996233E-002   3.361830475E-002   3.356730545E-002   3.350758064E-002   3.343663018E-002   3.335385319E-002   3.325893726E-002   3.314831961E-002   3.302347006E-002   3.288019630E-002   3.271270422E-002   3.253027464E-002   3.230900948E-002   3.206705296E-002   3.179737220E-002   3.145002335E-002   3.109378663E-002   3.043025846E-002   2.949632106E-002   2.847284664E-002   2.793335286E-002   2.737638269E-002   2.680107733E-002   2.620639256E-002   2.559116909E-002   2.495431581E-002   1.990525211E-002   1.990357777E-002   1.408855002E-002   1.408248497E-002   1.345849620E-002   3.470531898E-003   3.463702735E-003   7.045377683E-005  -3.793561949E-018
   1660.00000   8.770349988E-003   8.770308491E-003   8.769871491E-003   8.769212716E-003   8.768448118E-003   8.767305759E-003   8.765594585E-003   8.763899515E-003   8.761383016E-003   8.757817232E-003   8.755650899E-003   8.753258291E-003   8.750615647E-003   8.747694511E-003   8.744461767E-003   8.740424829E-003   8.735082902E-003   8.728379567E-003   8.720248528E-003   8.710611614E-003   8.699375773E-003   8.686432815E-003   8.671658923E-003   8.654906194E-003   8.636003923E-003   8.615263422E-003   8.592952369E-003   8.568797436E-003   8.542501183E-003   8.513741325E-003   8.482157134E-003   8.447294323E-003   8.346513543E-003   8.179286405E-003   7.972196787E-003   7.849182149E-003   7.724858369E-003   7.599163623E-003   7.472022650E-003   7.343351827E-003   7.213072251E-003   6.274235598E-003   6.273945429E-003   4.572310308E-003   4.570331907E-003   4.365234594E-003   1.104408488E-003   1.102215260E-003   2.217231928E-005  -8.123650887E-019
# AOT = 0.6
    450.00000   2.500604115E-001   2.500563071E-001   2.500211619E-001   2.499710658E-001   2.499133497E-001   2.498276789E-001   2.496987452E-001   2.495745391E-001   2.493996281E-001   2.491573036E-001   2.490078663E-001   2.488377235E-001   2.486436972E-001   2.484219747E-001   2.481681396E-001   2.478626249E-001   2.474848084E-001   2.470272628E-001   2.464813807E-001   2.458371378E-001   2.450827672E-001   2.442047421E-001   2.431877174E-001   2.420135272E-001   2.406613033E-001   2.391232423E-001   2.373856412E-001   2.354144664E-001   2.331729420E-001   2.306215157E-001   2.277161624E-001   2.244013520E-001   2.188480903E-001   2.110666127E-001   2.029551296E-001   1.987860983E-001   1.944905595E-001   1.900558968E-001   1.854700175E-001   1.807207423E-001   1.757972828E-001   1.362894920E-001   1.362762750E-001   9.585796537E-002   9.581743388E-002   9.166190609E-002   2.475404330E-002   2.470693144E-002   5.332537163E-004  -1.513451122E-017
    645.00000   1.475642282E-001   1.475628967E-001   1.475495205E-001   1.475296147E-001   1.475065475E-001   1.474721264E-001   1.474204990E-001   1.473696752E-001   1.472950748E-001   1.471898443E-001   1.471257027E-001   1.470543815E-001   1.469750344E-001   1.468866452E-001   1.467880354E-001   1.466659146E-001   1.465066887E-001   1.463083280E-001   1.460684665E-001   1.457843375E-001   1.454526869E-001   1.450697696E-001   1.446313361E-001   1.441323674E-001   1.435671067E-001   1.429422632E-001   1.422629453E-001   1.415197786E-001   1.407025885E-001   1.398003940E-001   1.388009520E-001   1.376888254E-001   1.348775024E-001   1.304082664E-001   1.259420775E-001   1.237159086E-001   1.214687082E-001   1.191952357E-001   1.168907250E-001   1.145505610E-001   1.121705982E-001   9.448159825E-002   9.447598247E-002   6.843109717E-002   6.840212186E-002   6.540744715E-002   1.732899308E-002   1.729563049E-002   3.665514075E-004   3.346151373E-017
    850.00000   9.812226183E-002   9.812166670E-002   9.811406953E-002   9.810267745E-002   9.808938419E-002   9.807015070E-002   9.804191987E-002   9.801403174E-002   9.797053693E-002   9.790821527E-002   9.786956780E-002   9.782933482E-002   9.778484861E-002   9.773798510E-002   9.768521451E-002   9.762347545E-002   9.753057424E-002   9.741732222E-002   9.726859790E-002   9.709358459E-002   9.690998110E-002   9.668941975E-002   9.644170696E-002   9.613822738E-002   9.580970663E-002   9.547264525E-002   9.509956886E-002   9.470654196E-002   9.430988590E-002   9.386916891E-002   9.336984690E-002   9.284088303E-002   9.112754208E-002   8.811977673E-002   8.517366379E-002   8.374266360E-002   8.231067978E-002   8.087551902E-002   7.943513689E-002   7.798756251E-002   7.653100074E-002   6.620532246E-002   6.620216234E-002   4.835073743E-002   4.833024272E-002   4.620710792E-002   1.214766871E-002   1.212414587E-002   2.543830850E-004  -1.945711121E-017
   1660.00000   3.731651612E-002   3.731641235E-002   3.731494489E-002   3.731260082E-002   3.730986006E-002   3.730573807E-002   3.729958825E-002   3.729333421E-002   3.728361426E-002   3.726958328E-002   3.726115689E-002   3.725207926E-002   3.724232791E-002   3.723187608E-002   3.722069242E-002   3.720620606E-002   3.718583799E-002   3.715953426E-002   3.712723183E-002   3.708885606E-002   3.704431876E-002   3.699351617E-002   3.693633034E-002   3.687262079E-002   3.680222561E-002   3.672776439E-002   3.665181650E-002   3.657412356E-002   3.649440608E-002   3.641235982E-002   3.632764567E-002   3.623983518E-002   3.580219628E-002   3.501390119E-002   3.408458852E-002   3.355115275E-002   3.301897144E-002   3.248801861E-002   3.195821869E-002   3.142946250E-002   3.090162847E-002   2.732253675E-002   2.732148455E-002   1.996079794E-002   1.995215333E-002   1.905566639E-002   4.896583211E-003   4.886986422E-003   1.005161903E-004   3.351259161E-019
# AOT = 4.0
    450.00000   3.802580812E-001   3.802527665E-001   3.801914017E-001   3.800969789E-001   3.799868943E-001   3.798216527E-001   3.795737743E-001   3.793254978E-001   3.789504036E-001   3.784152440E-001   3.780919056E-001   3.777385451E-001   3.773529326E-001   3.769323626E-001   3.764736778E-001   3.758966966E-001   3.751227379E-001   3.741507364E-001   3.729796513E-001   3.716077149E-001   3.700315776E-001   3.682457568E-001   3.662421402E-001   3.640088787E-001   3.615303286E-001   3.588611255E-001   3.560479890E-001   3.530593278E-001   3.498619849E-001   3.464210592E-001   3.426984424E-001   3.386472335E-001   3.253650567E-001   3.027595603E-001   2.826465896E-001   2.739848668E-001   2.656612318E-001   2.575861848E-001   2.497066174E-001   2.419832262E-001   2.343865121E-001   1.836994162E-001   1.836845749E-001   1.178934310E-001   1.178290046E-001   1.112762975E-001   2.691470823E-002   2.686414781E-002   6.401279282E-004   3.803324619E-018
    645.00000   3.157997657E-001   3.157971869E-001   3.157610300E-001   3.157034425E-001   3.156360633E-001   3.155346125E-001   3.153829205E-001   3.152286789E-001   3.149892687E-001   3.146435546E-001   3.144356886E-001   3.142114094E-001   3.139701523E-001   3.137112388E-001   3.134338823E-001   3.130762089E-001   3.125769079E-001   3.119363268E-001   3.111553200E-001   3.102350439E-001   3.091766372E-001   3.079809525E-001   3.066483142E-001   3.051781239E-001   3.035687347E-001   3.018785681E-001   3.001618464E-001   2.984094181E-001   2.966117197E-001   2.947587493E-001   2.928397001E-001   2.908415102E-001   2.815530167E-001   2.649860220E-001   2.504566974E-001   2.442822601E-001   2.383297113E-001   2.325553125E-001   2.269327253E-001   2.214419475E-001   2.160668764E-001   1.814956753E-001   1.814858773E-001   1.244483825E-001   1.243877423E-001   1.181644700E-001   3.037849741E-002   3.032178866E-002   7.088411688E-004   1.649592902E-017
    850.00000   2.452923472E-001   2.452905326E-001   2.452649787E-001   2.452262069E-001   2.451756631E-001   2.451021286E-001   2.449927790E-001   2.448673711E-001   2.446950653E-001   2.444529137E-001   2.443027087E-001   2.441361175E-001   2.439563339E-001   2.437899606E-001   2.435998556E-001   2.433394027E-001   2.429681957E-001   2.425249291E-001   2.419481372E-001   2.413333827E-001   2.405560242E-001   2.396561080E-001   2.385731582E-001   2.374618143E-001   2.362138415E-001   2.348984444E-001   2.335380923E-001   2.322292086E-001   2.310105296E-001   2.296608107E-001   2.283007371E-001   2.268691265E-001   2.201123905E-001   2.067007641E-001   1.956662122E-001   1.911499581E-001   1.867857639E-001   1.825455912E-001   1.784136029E-001   1.743784773E-001   1.704313078E-001   1.453480463E-001   1.453410308E-001   1.012306852E-001   1.011829379E-001   9.627235539E-002   2.519784704E-002   2.515086483E-002   5.804586422E-004   1.732921368E-017
   1660.00000   1.234211629E-001   1.234206888E-001   1.234131498E-001   1.234008881E-001   1.233865196E-001   1.233648672E-001   1.233325993E-001   1.232995313E-001   1.232474766E-001   1.231719546E-001   1.231267337E-001   1.230783422E-001   1.230267605E-001   1.229719644E-001   1.229139249E-001   1.228379013E-001   1.227291368E-001   1.225875737E-001   1.224131474E-001   1.222057822E-001   1.219654017E-001   1.216919195E-001   1.213852513E-001   1.210452952E-001   1.206719617E-001   1.202813834E-001   1.198896430E-001   1.194965471E-001   1.191018676E-001   1.187053584E-001   1.183067399E-001   1.179056504E-001   1.155079004E-001   1.111363606E-001   1.067634247E-001   1.046263381E-001   1.025712658E-001   1.005824455E-001   9.864841866E-002   9.676027112E-002   9.491102510E-002   8.304629086E-002   8.304293759E-002   5.960534263E-002   5.957876412E-002   5.683304461E-002   1.507501361E-002   1.504657732E-002   3.332586959E-004  -2.637575890E-019
