# Wavelength Response
1520.00  0.000000
1521.00  0.000943396
1522.00  0.00188679
1523.00  0.00283019
1524.00  0.00377358
1525.00  0.00471698
1526.00  0.00566038
1527.00  0.00660377
1528.00  0.00754717
1529.00  0.00849057
1530.00  0.00943396
1531.00  0.00943396
1532.00  0.00943396
1533.00  0.00943396
1534.00  0.00943396
1535.00  0.00943396
1536.00  0.00943396
1537.00  0.00943396
1538.00  0.00943396
1539.00  0.00943396
1540.00  0.00943396
1541.00  0.0103774
1542.00  0.0113208
1543.00  0.0122642
1544.00  0.0132075
1545.00  0.0141509
1546.00  0.0150943
1547.00  0.0160377
1548.00  0.0169811
1549.00  0.0179245
1550.00  0.0188679
1551.00  0.0198113
1552.00  0.0207547
1553.00  0.0216981
1554.00  0.0226415
1555.00  0.0235849
1556.00  0.0245283
1557.00  0.0254717
1558.00  0.0264151
1559.00  0.0273585
1560.00  0.0283019
1561.00  0.0311321
1562.00  0.0339623
1563.00  0.0367925
1564.00  0.0396226
1565.00  0.0424528
1566.00  0.0452830
1567.00  0.0481132
1568.00  0.0509434
1569.00  0.0537736
1570.00  0.0566038
1571.00  0.0622642
1572.00  0.0679245
1573.00  0.0735849
1574.00  0.0792453
1575.00  0.0849057
1576.00  0.0905660
1577.00  0.0962264
1578.00  0.101887
1579.00  0.107547
1580.00  0.113208
1581.00  0.124528
1582.00  0.135849
1583.00  0.147170
1584.00  0.158491
1585.00  0.169811
1586.00  0.181132
1587.00  0.192453
1588.00  0.203774
1589.00  0.215094
1590.00  0.226415
1591.00  0.244340
1592.00  0.262264
1593.00  0.280189
1594.00  0.298113
1595.00  0.316038
1596.00  0.333962
1597.00  0.351887
1598.00  0.369811
1599.00  0.387736
1600.00  0.405660
1601.00  0.431132
1602.00  0.456604
1603.00  0.482075
1604.00  0.507547
1605.00  0.533019
1606.00  0.558491
1607.00  0.583962
1608.00  0.609434
1609.00  0.634906
1610.00  0.660377
1611.00  0.681132
1612.00  0.701887
1613.00  0.722642
1614.00  0.743396
1615.00  0.764151
1616.00  0.784906
1617.00  0.805660
1618.00  0.826415
1619.00  0.847170
1620.00  0.867925
1621.00  0.878302
1622.00  0.888679
1623.00  0.899057
1624.00  0.909434
1625.00  0.919811
1626.00  0.930189
1627.00  0.940566
1628.00  0.950943
1629.00  0.961321
1630.00  0.971698
1631.00  0.974528
1632.00  0.977358
1633.00  0.980189
1634.00  0.983019
1635.00  0.985849
1636.00  0.988679
1637.00  0.991509
1638.00  0.994340
1639.00  0.997170
1640.00  1.00000
1641.00  0.999057
1642.00  0.998113
1643.00  0.997170
1644.00  0.996226
1645.00  0.995283
1646.00  0.994340
1647.00  0.993396
1648.00  0.992453
1649.00  0.991509
1650.00  0.990566
1651.00  0.988679
1652.00  0.986792
1653.00  0.984906
1654.00  0.983019
1655.00  0.981132
1656.00  0.979245
1657.00  0.977358
1658.00  0.975472
1659.00  0.973585
1660.00  0.971698
1661.00  0.964151
1662.00  0.956604
1663.00  0.949057
1664.00  0.941509
1665.00  0.933962
1666.00  0.926415
1667.00  0.918868
1668.00  0.911321
1669.00  0.903774
1670.00  0.896226
1671.00  0.886792
1672.00  0.877358
1673.00  0.867925
1674.00  0.858491
1675.00  0.849057
1676.00  0.839623
1677.00  0.830189
1678.00  0.820755
1679.00  0.811321
1680.00  0.801887
1681.00  0.779245
1682.00  0.756604
1683.00  0.733962
1684.00  0.711321
1685.00  0.688679
1686.00  0.666038
1687.00  0.643396
1688.00  0.620755
1689.00  0.598113
1690.00  0.575472
1691.00  0.550943
1692.00  0.526415
1693.00  0.501887
1694.00  0.477358
1695.00  0.452830
1696.00  0.428302
1697.00  0.403774
1698.00  0.379245
1699.00  0.354717
1700.00  0.330189
1701.00  0.316038
1702.00  0.301887
1703.00  0.287736
1704.00  0.273585
1705.00  0.259434
1706.00  0.245283
1707.00  0.231132
1708.00  0.216981
1709.00  0.202830
1710.00  0.188679
1711.00  0.182075
1712.00  0.175472
1713.00  0.168868
1714.00  0.162264
1715.00  0.155660
1716.00  0.149057
1717.00  0.142453
1718.00  0.135849
1719.00  0.129245
1720.00  0.122642
1721.00  0.117925
1722.00  0.113208
1723.00  0.108491
1724.00  0.103774
1725.00  0.0990566
1726.00  0.0943396
1727.00  0.0896226
1728.00  0.0849057
1729.00  0.0801887
1730.00  0.0754717
1731.00  0.0726415
1732.00  0.0698113
1733.00  0.0669811
1734.00  0.0641509
1735.00  0.0613208
1736.00  0.0584906
1737.00  0.0556604
1738.00  0.0528302
1739.00  0.0500000
1740.00  0.0471698
1741.00  0.0452830
1742.00  0.0433962
1743.00  0.0415094
1744.00  0.0396226
1745.00  0.0377358
1746.00  0.0358491
1747.00  0.0339623
1748.00  0.0320755
1749.00  0.0301887
1750.00  0.0283019
1751.00  0.0273585
1752.00  0.0264151
1753.00  0.0254717
1754.00  0.0245283
1755.00  0.0235849
1756.00  0.0226415
1757.00  0.0216981
1758.00  0.0207547
1759.00  0.0198113
1760.00  0.0188679
1761.00  0.0179245
1762.00  0.0169811
1763.00  0.0160377
1764.00  0.0150943
1765.00  0.0141509
1766.00  0.0132075
1767.00  0.0122642
1768.00  0.0113208
1769.00  0.0103774
1770.00  0.00943396
1771.00  0.00943396
1772.00  0.00943396
1773.00  0.00943396
1774.00  0.00943396
1775.00  0.00943396
1776.00  0.00943396
1777.00  0.00943396
1778.00  0.00943396
1779.00  0.00943396
1780.00  0.00943396
1781.00  0.00943396
1782.00  0.00943396
1783.00  0.00943396
1784.00  0.00943396
1785.00  0.00943396
1786.00  0.00943396
1787.00  0.00943396
1788.00  0.00943396
1789.00  0.00943396
1790.00  0.00943396
1791.00  0.00943396
1792.00  0.00943396
1793.00  0.00943396
1794.00  0.00943396
1795.00  0.00943396
1796.00  0.00943396
1797.00  0.00943396
1798.00  0.00943396
1799.00  0.00943396