# Wavelength Response
415.000  0.000000
416.000  0.00163934
417.000  0.00327869
418.000  0.00491803
419.000  0.00655738
420.000  0.00819672
421.000  0.0147541
422.000  0.0213115
423.000  0.0278689
424.000  0.0344262
425.000  0.0409836
426.000  0.0655738
427.000  0.0901639
428.000  0.114754
429.000  0.139344
430.000  0.163934
431.000  0.201639
432.000  0.239344
433.000  0.277049
434.000  0.314754
435.000  0.352459
436.000  0.390164
437.000  0.427869
438.000  0.465574
439.000  0.503279
440.000  0.540984
441.000  0.573771
442.000  0.606557
443.000  0.639344
444.000  0.672131
445.000  0.704918
446.000  0.732787
447.000  0.760656
448.000  0.788525
449.000  0.816393
450.000  0.844262
451.000  0.867213
452.000  0.890164
453.000  0.913115
454.000  0.936066
455.000  0.959016
456.000  0.967213
457.000  0.975410
458.000  0.983607
459.000  0.991803
460.000  1.00000
461.000  0.995082
462.000  0.990164
463.000  0.985246
464.000  0.980328
465.000  0.975410
466.000  0.963934
467.000  0.952459
468.000  0.940984
469.000  0.929508
470.000  0.918033
471.000  0.896721
472.000  0.875410
473.000  0.854098
474.000  0.832787
475.000  0.811475
476.000  0.757377
477.000  0.703279
478.000  0.649180
479.000  0.595082
480.000  0.540984
481.000  0.478689
482.000  0.416393
483.000  0.354098
484.000  0.291803
485.000  0.229508
486.000  0.198361
487.000  0.167213
488.000  0.136066
489.000  0.104918
490.000  0.0737705
491.000  0.0639344
492.000  0.0540984
493.000  0.0442623
494.000  0.0344262
495.000  0.0245902
496.000  0.0213115
497.000  0.0180328
498.000  0.0147541
499.000  0.0114754